<!DOCTYPE html>
<!-- Generated by pkgdown: do not edit by hand --><html lang="en"><head><meta http-equiv="Content-Type" content="text/html; charset=UTF-8"><meta charset="utf-8"><meta http-equiv="X-UA-Compatible" content="IE=edge"><meta name="viewport" content="width=device-width, initial-scale=1, shrink-to-fit=no"><title>Possible behavior after ministep, simstep or twostep — ts_alternatives_ministep_beh • RsienaTwoStep</title><!-- favicons --><link rel="icon" type="image/png" sizes="16x16" href="../favicon-16x16.png"><link rel="icon" type="image/png" sizes="32x32" href="../favicon-32x32.png"><link rel="apple-touch-icon" type="image/png" sizes="180x180" href="../apple-touch-icon.png"><link rel="apple-touch-icon" type="image/png" sizes="120x120" href="../apple-touch-icon-120x120.png"><link rel="apple-touch-icon" type="image/png" sizes="76x76" href="../apple-touch-icon-76x76.png"><link rel="apple-touch-icon" type="image/png" sizes="60x60" href="../apple-touch-icon-60x60.png"><script src="../deps/jquery-3.6.0/jquery-3.6.0.min.js"></script><meta name="viewport" content="width=device-width, initial-scale=1, shrink-to-fit=no"><link href="../deps/bootstrap-5.3.1/bootstrap.min.css" rel="stylesheet"><script src="../deps/bootstrap-5.3.1/bootstrap.bundle.min.js"></script><link href="../deps/font-awesome-6.5.2/css/all.min.css" rel="stylesheet"><link href="../deps/font-awesome-6.5.2/css/v4-shims.min.css" rel="stylesheet"><script src="../deps/headroom-0.11.0/headroom.min.js"></script><script src="../deps/headroom-0.11.0/jQuery.headroom.min.js"></script><script src="../deps/bootstrap-toc-1.0.1/bootstrap-toc.min.js"></script><script src="../deps/clipboard.js-2.0.11/clipboard.min.js"></script><script src="../deps/search-1.0.0/autocomplete.jquery.min.js"></script><script src="../deps/search-1.0.0/fuse.min.js"></script><script src="../deps/search-1.0.0/mark.min.js"></script><!-- pkgdown --><script src="../pkgdown.js"></script><meta property="og:title" content="Possible behavior after ministep, simstep or twostep — ts_alternatives_ministep_beh"><meta name="description" content="ts_alternatives_ministep_beh() constructs the possible future
behavior score after a ministep of ego.
ts_alternatives_twostep_beh() constructs the possible future behavioral
scores after two ministeps of two egos.
ts_alternatives_simstep_beh() constructs all possible future behavioral
scores (over the complete range of the behavioral variable) of one ego.Ego is
thus allowed to jump from one extreme to the other"><meta property="og:description" content="ts_alternatives_ministep_beh() constructs the possible future
behavior score after a ministep of ego.
ts_alternatives_twostep_beh() constructs the possible future behavioral
scores after two ministeps of two egos.
ts_alternatives_simstep_beh() constructs all possible future behavioral
scores (over the complete range of the behavioral variable) of one ego.Ego is
thus allowed to jump from one extreme to the other"><meta property="og:image" content="https://jochemtolsma.github.io/RsienaTwoStep/logo.png"></head><body>
    <a href="#main" class="visually-hidden-focusable">Skip to contents</a>


    <nav class="navbar navbar-expand-lg fixed-top bg-light" data-bs-theme="light" aria-label="Site navigation"><div class="container">

    <a class="navbar-brand me-2" href="../index.html">RsienaTwoStep</a>

    <small class="nav-text text-muted me-auto" data-bs-toggle="tooltip" data-bs-placement="bottom" title="">1.0</small>


    <button class="navbar-toggler" type="button" data-bs-toggle="collapse" data-bs-target="#navbar" aria-controls="navbar" aria-expanded="false" aria-label="Toggle navigation">
      <span class="navbar-toggler-icon"></span>
    </button>

    <div id="navbar" class="collapse navbar-collapse ms-3">
      <ul class="navbar-nav me-auto"><li class="active nav-item"><a class="nav-link" href="../reference/index.html">Reference</a></li>
<li class="nav-item dropdown">
  <button class="nav-link dropdown-toggle" type="button" id="dropdown-articles" data-bs-toggle="dropdown" aria-expanded="false" aria-haspopup="true">Articles</button>
  <ul class="dropdown-menu" aria-labelledby="dropdown-articles"><li><a class="dropdown-item" href="../articles/Introduction_RsienaTwoStep.html">Introduction_RsienaTwoStep</a></li>
    <li><a class="dropdown-item" href="../articles/MinistepToTwoStep.html">MinistepToTwostep</a></li>
    <li><a class="dropdown-item" href="../articles/RsienaWorkflow.html">RSienaWorkFlow</a></li>
  </ul></li>
      </ul><ul class="navbar-nav"><li class="nav-item"><form class="form-inline" role="search">
 <input class="form-control" type="search" name="search-input" id="search-input" autocomplete="off" aria-label="Search site" placeholder="Search for" data-search-index="../search.json"></form></li>
<li class="nav-item"><a class="external-link nav-link" href="https://github.com/JochemTolsma/RsienaTwoStep/" aria-label="GitHub"><span class="fa fab fa-github fa-lg"></span></a></li>
      </ul></div>


  </div>
</nav><div class="container template-reference-topic">
<div class="row">
  <main id="main" class="col-md-9"><div class="page-header">
      <img src="../logo.png" class="logo" alt=""><h1>Possible behavior after ministep, simstep or twostep</h1>
      <small class="dont-index">Source: <a href="https://github.com/JochemTolsma/RsienaTwoStep/blob/master/R/alternatives_beh.R" class="external-link"><code>R/alternatives_beh.R</code></a></small>
      <div class="d-none name"><code>ts_alternatives_ministep_beh.Rd</code></div>
    </div>

    <div class="ref-description section level2">
    <p><code>ts_alternatives_ministep_beh()</code> constructs the possible future
behavior score after a ministep of <code>ego</code>.
<code>ts_alternatives_twostep_beh()</code> constructs the possible future behavioral
scores after two ministeps of two egos.
<code>ts_alternatives_simstep_beh()</code> constructs all possible future behavioral
scores (over the complete range of the behavioral variable) of one ego.Ego is
thus allowed to jump from one extreme to the other</p>
    </div>

    <div class="section level2">
    <h2 id="ref-usage">Usage<a class="anchor" aria-label="anchor" href="#ref-usage"></a></h2>
    <div class="sourceCode"><pre class="sourceCode r"><code><span><span class="fu">ts_alternatives_ministep_beh</span><span class="op">(</span><span class="va">beh</span>, <span class="va">ego</span><span class="op">)</span></span>
<span></span>
<span><span class="fu">ts_alternatives_simstep_beh</span><span class="op">(</span><span class="va">beh</span>, <span class="va">ego</span><span class="op">)</span></span>
<span></span>
<span><span class="fu">ts_alternatives_twostep_beh</span><span class="op">(</span><span class="va">beh</span>, <span class="va">net</span>, dist1 <span class="op">=</span> <span class="cn">NULL</span>, modet1 <span class="op">=</span> <span class="st">"degree"</span><span class="op">)</span></span></code></pre></div>
    </div>

    <div class="section level2">
    <h2 id="arguments">Arguments<a class="anchor" aria-label="anchor" href="#arguments"></a></h2>


<dl><dt id="arg-beh">beh<a class="anchor" aria-label="anchor" href="#arg-beh"></a></dt>
<dd><p>numerical, vector representing the behavioral scores
actors.</p></dd>


<dt id="arg-ego">ego<a class="anchor" aria-label="anchor" href="#arg-ego"></a></dt>
<dd><p>numeric, value indicating ego (row number of net)</p></dd>


<dt id="arg-net">net<a class="anchor" aria-label="anchor" href="#arg-net"></a></dt>
<dd><p>matrix, the adjacency matrix representing the relations between
actors. Valid values are 0 and 1.</p></dd>


<dt id="arg-dist-">dist1<a class="anchor" aria-label="anchor" href="#arg-dist-"></a></dt>
<dd><p>numeric, minimal path length between ego1 and ego2 at time1 in
order to be allowed to start a coordination. If <code>NULL</code> all dyads are
allowed to start a coordination (i.e. <strong>simultaneity</strong>).</p></dd>


<dt id="arg-modet-">modet1<a class="anchor" aria-label="anchor" href="#arg-modet-"></a></dt>
<dd><p>string indicating the type of ties being evaluated at time1.
"<code>degree</code>" considers all ties as undirected. "<code>outdegree</code>" only allows
directed paths starting from ego1 and ending at ego2. "<code>indegree</code>" only
allows directed paths starting from ego2 and ending at ego1. See:
<code>DETAILS</code>.</p></dd>

</dl></div>
    <div class="section level2">
    <h2 id="value">Value<a class="anchor" aria-label="anchor" href="#value"></a></h2>
    <p>list, a list of the alternative vector representing te behavioral
scores</p>
    </div>
    <div class="section level2">
    <h2 id="see-also">See also<a class="anchor" aria-label="anchor" href="#see-also"></a></h2>
    <div class="dont-index"><p><code><a href="ts_select.html">ts_select()</a></code>, <code><a href="ts_sims.html">ts_sims()</a></code></p></div>
    </div>

    <div class="section level2">
    <h2 id="ref-examples">Examples<a class="anchor" aria-label="anchor" href="#ref-examples"></a></h2>
    <div class="sourceCode"><pre class="sourceCode r"><code><span class="r-in"><span><span class="va">ccovar</span> <span class="op">&lt;-</span> <span class="fu"><a href="ts_centering.html">ts_prepdata</a></span><span class="op">(</span><span class="va">df_ccovar1</span><span class="op">)</span></span></span>
<span class="r-in"><span><span class="fu">ts_alternatives_ministep_beh</span><span class="op">(</span>beh <span class="op">=</span> <span class="va">ccovar</span><span class="op">[</span>, <span class="st">"cov2"</span><span class="op">]</span>, ego <span class="op">=</span> <span class="fl">3</span><span class="op">)</span></span></span>
<span class="r-out co"><span class="r-pr">#&gt;</span> [[1]]</span>
<span class="r-out co"><span class="r-pr">#&gt;</span>  [1]  0.4  0.4  0.4 -0.6  1.4 -1.6  0.4  3.4  0.4 -5.6</span>
<span class="r-out co"><span class="r-pr">#&gt;</span> attr(,"mean")</span>
<span class="r-out co"><span class="r-pr">#&gt;</span> [1] 1.6</span>
<span class="r-out co"><span class="r-pr">#&gt;</span> attr(,"simMean")</span>
<span class="r-out co"><span class="r-pr">#&gt;</span> [1] 0.7234568</span>
<span class="r-out co"><span class="r-pr">#&gt;</span> attr(,"range")</span>
<span class="r-out co"><span class="r-pr">#&gt;</span> [1] 9</span>
<span class="r-out co"><span class="r-pr">#&gt;</span> attr(,"range2")</span>
<span class="r-out co"><span class="r-pr">#&gt;</span> [1] -4  5</span>
<span class="r-out co"><span class="r-pr">#&gt;</span> attr(,"simij")</span>
<span class="r-out co"><span class="r-pr">#&gt;</span>            [,1]      [,2]      [,3]      [,4]      [,5]      [,6]      [,7]</span>
<span class="r-out co"><span class="r-pr">#&gt;</span>  [1,]        NA 1.0000000 0.8888889 0.8888889 0.8888889 0.7777778 1.0000000</span>
<span class="r-out co"><span class="r-pr">#&gt;</span>  [2,] 1.0000000        NA 0.8888889 0.8888889 0.8888889 0.7777778 1.0000000</span>
<span class="r-out co"><span class="r-pr">#&gt;</span>  [3,] 0.8888889 0.8888889        NA 0.7777778 1.0000000 0.6666667 0.8888889</span>
<span class="r-out co"><span class="r-pr">#&gt;</span>  [4,] 0.8888889 0.8888889 0.7777778        NA 0.7777778 0.8888889 0.8888889</span>
<span class="r-out co"><span class="r-pr">#&gt;</span>  [5,] 0.8888889 0.8888889 1.0000000 0.7777778        NA 0.6666667 0.8888889</span>
<span class="r-out co"><span class="r-pr">#&gt;</span>  [6,] 0.7777778 0.7777778 0.6666667 0.8888889 0.6666667        NA 0.7777778</span>
<span class="r-out co"><span class="r-pr">#&gt;</span>  [7,] 1.0000000 1.0000000 0.8888889 0.8888889 0.8888889 0.7777778        NA</span>
<span class="r-out co"><span class="r-pr">#&gt;</span>  [8,] 0.6666667 0.6666667 0.7777778 0.5555556 0.7777778 0.4444444 0.6666667</span>
<span class="r-out co"><span class="r-pr">#&gt;</span>  [9,] 1.0000000 1.0000000 0.8888889 0.8888889 0.8888889 0.7777778 1.0000000</span>
<span class="r-out co"><span class="r-pr">#&gt;</span> [10,] 0.3333333 0.3333333 0.2222222 0.4444444 0.2222222 0.5555556 0.3333333</span>
<span class="r-out co"><span class="r-pr">#&gt;</span>            [,8]      [,9]     [,10]</span>
<span class="r-out co"><span class="r-pr">#&gt;</span>  [1,] 0.6666667 1.0000000 0.3333333</span>
<span class="r-out co"><span class="r-pr">#&gt;</span>  [2,] 0.6666667 1.0000000 0.3333333</span>
<span class="r-out co"><span class="r-pr">#&gt;</span>  [3,] 0.7777778 0.8888889 0.2222222</span>
<span class="r-out co"><span class="r-pr">#&gt;</span>  [4,] 0.5555556 0.8888889 0.4444444</span>
<span class="r-out co"><span class="r-pr">#&gt;</span>  [5,] 0.7777778 0.8888889 0.2222222</span>
<span class="r-out co"><span class="r-pr">#&gt;</span>  [6,] 0.4444444 0.7777778 0.5555556</span>
<span class="r-out co"><span class="r-pr">#&gt;</span>  [7,] 0.6666667 1.0000000 0.3333333</span>
<span class="r-out co"><span class="r-pr">#&gt;</span>  [8,]        NA 0.6666667 0.0000000</span>
<span class="r-out co"><span class="r-pr">#&gt;</span>  [9,] 0.6666667        NA 0.3333333</span>
<span class="r-out co"><span class="r-pr">#&gt;</span> [10,] 0.0000000 0.3333333        NA</span>
<span class="r-out co"><span class="r-pr">#&gt;</span> </span>
<span class="r-out co"><span class="r-pr">#&gt;</span> [[2]]</span>
<span class="r-out co"><span class="r-pr">#&gt;</span>  [1]  0.4  0.4  1.4 -0.6  1.4 -1.6  0.4  3.4  0.4 -5.6</span>
<span class="r-out co"><span class="r-pr">#&gt;</span> attr(,"mean")</span>
<span class="r-out co"><span class="r-pr">#&gt;</span> [1] 1.6</span>
<span class="r-out co"><span class="r-pr">#&gt;</span> attr(,"simMean")</span>
<span class="r-out co"><span class="r-pr">#&gt;</span> [1] 0.7234568</span>
<span class="r-out co"><span class="r-pr">#&gt;</span> attr(,"range")</span>
<span class="r-out co"><span class="r-pr">#&gt;</span> [1] 9</span>
<span class="r-out co"><span class="r-pr">#&gt;</span> attr(,"range2")</span>
<span class="r-out co"><span class="r-pr">#&gt;</span> [1] -4  5</span>
<span class="r-out co"><span class="r-pr">#&gt;</span> attr(,"simij")</span>
<span class="r-out co"><span class="r-pr">#&gt;</span>            [,1]      [,2]      [,3]      [,4]      [,5]      [,6]      [,7]</span>
<span class="r-out co"><span class="r-pr">#&gt;</span>  [1,]        NA 1.0000000 0.8888889 0.8888889 0.8888889 0.7777778 1.0000000</span>
<span class="r-out co"><span class="r-pr">#&gt;</span>  [2,] 1.0000000        NA 0.8888889 0.8888889 0.8888889 0.7777778 1.0000000</span>
<span class="r-out co"><span class="r-pr">#&gt;</span>  [3,] 0.8888889 0.8888889        NA 0.7777778 1.0000000 0.6666667 0.8888889</span>
<span class="r-out co"><span class="r-pr">#&gt;</span>  [4,] 0.8888889 0.8888889 0.7777778        NA 0.7777778 0.8888889 0.8888889</span>
<span class="r-out co"><span class="r-pr">#&gt;</span>  [5,] 0.8888889 0.8888889 1.0000000 0.7777778        NA 0.6666667 0.8888889</span>
<span class="r-out co"><span class="r-pr">#&gt;</span>  [6,] 0.7777778 0.7777778 0.6666667 0.8888889 0.6666667        NA 0.7777778</span>
<span class="r-out co"><span class="r-pr">#&gt;</span>  [7,] 1.0000000 1.0000000 0.8888889 0.8888889 0.8888889 0.7777778        NA</span>
<span class="r-out co"><span class="r-pr">#&gt;</span>  [8,] 0.6666667 0.6666667 0.7777778 0.5555556 0.7777778 0.4444444 0.6666667</span>
<span class="r-out co"><span class="r-pr">#&gt;</span>  [9,] 1.0000000 1.0000000 0.8888889 0.8888889 0.8888889 0.7777778 1.0000000</span>
<span class="r-out co"><span class="r-pr">#&gt;</span> [10,] 0.3333333 0.3333333 0.2222222 0.4444444 0.2222222 0.5555556 0.3333333</span>
<span class="r-out co"><span class="r-pr">#&gt;</span>            [,8]      [,9]     [,10]</span>
<span class="r-out co"><span class="r-pr">#&gt;</span>  [1,] 0.6666667 1.0000000 0.3333333</span>
<span class="r-out co"><span class="r-pr">#&gt;</span>  [2,] 0.6666667 1.0000000 0.3333333</span>
<span class="r-out co"><span class="r-pr">#&gt;</span>  [3,] 0.7777778 0.8888889 0.2222222</span>
<span class="r-out co"><span class="r-pr">#&gt;</span>  [4,] 0.5555556 0.8888889 0.4444444</span>
<span class="r-out co"><span class="r-pr">#&gt;</span>  [5,] 0.7777778 0.8888889 0.2222222</span>
<span class="r-out co"><span class="r-pr">#&gt;</span>  [6,] 0.4444444 0.7777778 0.5555556</span>
<span class="r-out co"><span class="r-pr">#&gt;</span>  [7,] 0.6666667 1.0000000 0.3333333</span>
<span class="r-out co"><span class="r-pr">#&gt;</span>  [8,]        NA 0.6666667 0.0000000</span>
<span class="r-out co"><span class="r-pr">#&gt;</span>  [9,] 0.6666667        NA 0.3333333</span>
<span class="r-out co"><span class="r-pr">#&gt;</span> [10,] 0.0000000 0.3333333        NA</span>
<span class="r-out co"><span class="r-pr">#&gt;</span> </span>
<span class="r-out co"><span class="r-pr">#&gt;</span> [[3]]</span>
<span class="r-out co"><span class="r-pr">#&gt;</span>  [1]  0.4  0.4  2.4 -0.6  1.4 -1.6  0.4  3.4  0.4 -5.6</span>
<span class="r-out co"><span class="r-pr">#&gt;</span> attr(,"mean")</span>
<span class="r-out co"><span class="r-pr">#&gt;</span> [1] 1.6</span>
<span class="r-out co"><span class="r-pr">#&gt;</span> attr(,"simMean")</span>
<span class="r-out co"><span class="r-pr">#&gt;</span> [1] 0.7234568</span>
<span class="r-out co"><span class="r-pr">#&gt;</span> attr(,"range")</span>
<span class="r-out co"><span class="r-pr">#&gt;</span> [1] 9</span>
<span class="r-out co"><span class="r-pr">#&gt;</span> attr(,"range2")</span>
<span class="r-out co"><span class="r-pr">#&gt;</span> [1] -4  5</span>
<span class="r-out co"><span class="r-pr">#&gt;</span> attr(,"simij")</span>
<span class="r-out co"><span class="r-pr">#&gt;</span>            [,1]      [,2]      [,3]      [,4]      [,5]      [,6]      [,7]</span>
<span class="r-out co"><span class="r-pr">#&gt;</span>  [1,]        NA 1.0000000 0.8888889 0.8888889 0.8888889 0.7777778 1.0000000</span>
<span class="r-out co"><span class="r-pr">#&gt;</span>  [2,] 1.0000000        NA 0.8888889 0.8888889 0.8888889 0.7777778 1.0000000</span>
<span class="r-out co"><span class="r-pr">#&gt;</span>  [3,] 0.8888889 0.8888889        NA 0.7777778 1.0000000 0.6666667 0.8888889</span>
<span class="r-out co"><span class="r-pr">#&gt;</span>  [4,] 0.8888889 0.8888889 0.7777778        NA 0.7777778 0.8888889 0.8888889</span>
<span class="r-out co"><span class="r-pr">#&gt;</span>  [5,] 0.8888889 0.8888889 1.0000000 0.7777778        NA 0.6666667 0.8888889</span>
<span class="r-out co"><span class="r-pr">#&gt;</span>  [6,] 0.7777778 0.7777778 0.6666667 0.8888889 0.6666667        NA 0.7777778</span>
<span class="r-out co"><span class="r-pr">#&gt;</span>  [7,] 1.0000000 1.0000000 0.8888889 0.8888889 0.8888889 0.7777778        NA</span>
<span class="r-out co"><span class="r-pr">#&gt;</span>  [8,] 0.6666667 0.6666667 0.7777778 0.5555556 0.7777778 0.4444444 0.6666667</span>
<span class="r-out co"><span class="r-pr">#&gt;</span>  [9,] 1.0000000 1.0000000 0.8888889 0.8888889 0.8888889 0.7777778 1.0000000</span>
<span class="r-out co"><span class="r-pr">#&gt;</span> [10,] 0.3333333 0.3333333 0.2222222 0.4444444 0.2222222 0.5555556 0.3333333</span>
<span class="r-out co"><span class="r-pr">#&gt;</span>            [,8]      [,9]     [,10]</span>
<span class="r-out co"><span class="r-pr">#&gt;</span>  [1,] 0.6666667 1.0000000 0.3333333</span>
<span class="r-out co"><span class="r-pr">#&gt;</span>  [2,] 0.6666667 1.0000000 0.3333333</span>
<span class="r-out co"><span class="r-pr">#&gt;</span>  [3,] 0.7777778 0.8888889 0.2222222</span>
<span class="r-out co"><span class="r-pr">#&gt;</span>  [4,] 0.5555556 0.8888889 0.4444444</span>
<span class="r-out co"><span class="r-pr">#&gt;</span>  [5,] 0.7777778 0.8888889 0.2222222</span>
<span class="r-out co"><span class="r-pr">#&gt;</span>  [6,] 0.4444444 0.7777778 0.5555556</span>
<span class="r-out co"><span class="r-pr">#&gt;</span>  [7,] 0.6666667 1.0000000 0.3333333</span>
<span class="r-out co"><span class="r-pr">#&gt;</span>  [8,]        NA 0.6666667 0.0000000</span>
<span class="r-out co"><span class="r-pr">#&gt;</span>  [9,] 0.6666667        NA 0.3333333</span>
<span class="r-out co"><span class="r-pr">#&gt;</span> [10,] 0.0000000 0.3333333        NA</span>
<span class="r-out co"><span class="r-pr">#&gt;</span> </span>
</code></pre></div>
    </div>
  </main><aside class="col-md-3"><nav id="toc" aria-label="Table of contents"><h2>On this page</h2>
    </nav></aside></div>


    <footer><div class="pkgdown-footer-left">
  <p>Developed by Jochem Tolsma.</p>
</div>

<div class="pkgdown-footer-right">
  <p>Site built with <a href="https://pkgdown.r-lib.org/" class="external-link">pkgdown</a> 2.1.1.</p>
</div>

    </footer></div>





  </body></html>

